ID	PLX	GMAG	BP-RP	flare_time  flare_energy	Gerror  Color_error	Average_rel_output gal_lat 
4728699589203817600	17.1651 	17.1552 	3.1291	     487.09	2.57E+32	0.005		0.3103	0.79135		-53.432
4728688628448657280	8.8455		16.0887 	2.5129	     143.49	1.17E+32	0.001		0.001	0.297		-53.432
4728701135393440384	2.2959		15.6712 	1.6522	     200	4.55E+33	0.0006		0.0033	0.209		-53.432
4728703055241994752	10.2717 	18.1495 	3.6926	     2115.3	2.38E+35	0.0733		0.0018	1105.818	-53.432	
4734505525995537024	21.1371 	15.8003 	3.3164	     240.32	1.35E+31	0.0013		0.0161	0.1508		-53.432	
4683671426951508864	9.2469		17.2795 	3.5327	     336.53	6.67E+32	0.0011		0.0434	2.44325		-44.756	
4683434958935655552	2.0998		19.7886 	2.6609	     418.77	8.98E+32	0.0058		0.1523	2.7832		-44.756	
4779763005142093696	2.5994		17.2635 	2.2142	     237.82	9.24E+32	0.001		0.0131	0.2885		-44.756
4778723996718806784	4.2847		18.5674 	2.8648	     541.34	6.81E+32	0.0022		0.0656	1.530260	-44.756
4779669134337892864	10.2387 	16.8605 	3.0419	     142.83	2.06E+31	0.0011		0.0101	0.2057		-44.756
4683390089413218688	25.9412 	16.9957 	4.2034	     192.29	1.65E+31	0.0013		0.0549	1.1705		-44.756
4779473318188791680	25.967		14.8736 	3.0457	     786.71	4.95E+32	0.0005		0.0045	0.618		-44.756
5209798289282962048	2.2035		14.906		1.6666	     2584.0	9.37E+36	0.0016		0.0058	13.271		-22.618
5209089821541031680	3.4742		17.0897 	2.5448	     195.21	4.52E+32	0.001		0.0231	0.343		-22.618	
5209799457513998720	9.8432		15.7159 	2.8125	     195.16	2.92E+32	0.001		0.0093	0.58427		-22.618
5209096246811787904	3.0474		18.9571 	3.0798	     1075.8	4.52E+33	0.0029		0.0806	10.201		-22.618	
5209076425539832448	2.4722		19.5491		0	     3121.5	9.87E+35	0.0061		5 	51.910		-22.618	
5447196146939389568	12.3257 	17.1487 	3.0901	     485.75	9.84E+31	0.001		0.0237	0.6010		19.172	
5447129489047169536	3.791		17.4231 	2.7957	     537.92	2.98E+33	0.0015		0.0422	1.411		19.172	
5444073018520551296	5.758		17.3371 	3.1443	     387.53	9.28E+32	0.0015		0.0269	1.8907		19.172	
5444224407527438208	2.3635		16.1162 	1.7866	     146.32	6.45E+32	0.0007		0.007	0.0738		19.172
5445901884314615680	3.0907		17.2714 	2.4557	     978.75	2.14E+34	0.0011		0.0103	2.889		19.172	
5445595601606963200	4.9713		15.5144 	2.6286	     245.18	9.93E+32	0.0007		0.0064	0.30591		19.172	
5444145826805790080	10.1158 	16.8999 	3.3115	     147.61	2.62E+32	0.0017		0.0212	3.165		19.172
5201723441529787392	8.1795		17.1877 	2.9718	     682.82	5.16E+33	0.0011		0.026	8.808		-19.957
5201816139806400896	10.614		16.6146 	3.0035	     294.79	2.36E+32	0.001		0.0186	0.8929		-19.957
5195663753775359232	8.9388		18.2981 	3.3883	     146.53	1.04E+32	0.0019		0.0852	4.091		-19.957
5201720555311609344	3.4848		16.7488 	2.6975	     2051.8	9.03E+34	0.0012		0.0154	5.2571		-19.957
5190564291860908672	6.0808		14.6689 	2.3771	     384.35	1.43E+33	0.0007		0.0038	0.1628		-22.814
5191257877539468672	14.3737 	15.2336 	3.255	     144.28	2.15E+31	0.0006		0.0069	0.105		-21.889
5190981075487146368	2.8029		16.9932 	2.3182	     289.53	1.44E+33	0.0011		0.0332	0.3850		-21.889
5191153870611593600	6.2794		17.149		3.014	     1161.2	1.23E+34	0.0013		0.031	7.4303		-21.889
4637865394582180480	19.7039 	14.334		3.328	     386.81	2.89E+33	0.0041		0.0079	2.4244		-41.804
4636433108887748864	25.0642 	15.1538 	3.2343	     336.35	1.45E+32	0.0006		0.0059	0.800		-41.804
4636360850358017792	16.1435 	15.6665 	2.9405	     1206.8	1.61E+33	0.0007		0.0109	1.408		-41.804
4636450838513006208	13.5431 	15.844		2.953	     189.47	7.51E+31	0.0013		0.0204	0.318		-41.804
5501797275898167936	4.9023		17.6583 	3.1734	     432.11	1.88E+33	0.0021		0.0363	3.340		-21.93
5502892870516254720	5.3938		17.1621 	2.9068	     580.08	2.02E+33	0.0013		0.0359	1.6364		-21.93
5502105963787924480	29.1084 	15.4736 	3.6436	     193.20	7.11E+30	0.0007		0.0138	0.377375	-21.93
5502128435056792448	3.5374		16.9163 	2.6699	     190.8	3.85E+32	0.001		0.0241	0.2773		-21.93
5502472749699352320	13.2957 	15.3426 	2.8217	     243.49	1.56E+32	0.001		0.0103	0.3089		-21.93
5502028757456041600	8.3353		14.8046 	2.7065	     440.71	1.35E+33	0.0009		0.005	0.320		-21.93
5501843386667424640	4.0595		17.8888 	3.3854	     242.77	1.22E+33	0.0019		0.0618	3.7698		-21.93
5502529344483998464	8.3722		15.2945 	2.8858	     926.91	8.47E+33	0.0008		0.0084	1.737		-21.93
5502495805083748736	2.3495		18.8943 	3.0436	     479.87	1.61E+34	0.0031		0.1254	13.8116		-21.93
5502133893958218752	4.9278		18.666		2.9384	     185.27	3.55E+32	0.0029		0.066	3.9818		-21.93
6438591692548589056	11.6628 	16.7175 	3.3327	     144.22	3.12E+31	0.0009		0.0156	0.30		-26.054
6435079169511271040	10.2858 	17.6089 	3.3007	     242.22	7.08E+31	0.0014		0.0351	0.59		-26.054
6435402765228918144	12.4349 	17.5188 	3.5878	     442.08	2.55E+32	0.001		0.0417	1.06		-26.054	
6435404453155002624	10.6278 	16.6613 	3.3783	     144.12	8.27E+31	0.0007		0.0153	2.25		-26.054
6438625781704284928	10.5489 	14.9242 	2.842	     629.72	1.26E+33	0.001		0.0057	0.408		-26.054
6438530639589294720	2.3839		17.3618 	2.6519	     336.32	7.54E+33	0.0011		0.0219	2.198		-26.054
6435578657026534272	2.9148		17.275		2.5827	     1059.5	2.64E+34	0.0013		0.0185	3.2445		-26.054
6435501755636000384	4.0138		19.8389 	1.367	     191.96	1.59E+32	0.0013		0.0185	0.9751		-26.054
6435523131689270656	4.1393		17.2235 	2.8191	     145.20	2.59E+32	0.0011		0.0169	0.513		-26.054	
6438148696738890880	9.3076		15.4275 	2.744	     385.33	3.94E+32	0.0005		0.0048	0.261		-26.054
6435368817806876416	2.4311		18.0591 	2.0542	     386.78	4.39E+33	0.0016		0.0229	1.008		-26.054
6435441866611271296	3.5992		18.2017 	2.8917	     288.99	6.06E+33	0.0013		0.0367	12.106		-26.054
6438494836741682048	5.8306		16.2732 	2.7494	     866.64	5.17E+33	0.001		0.0087	1.26		-26.054
6438489128728588416	2.1478		17.3361 	2.2865	     289.21	3.90E+33	0.001		0.0137	0.749		-26.054
6435481586470460544	2.6698		17.4851 	2.8375	     144.05	5.64E+32	0.0014		0.014	0.5949		-26.054
6438355434986673152	2.8918		18.3914 	2.4997	     240.72	1.11E+33	0.002		0.0504	1.526		-26.054
6435480903573366784	13.6469 	14.9296 	2.5619	     194.27	8.54E+31	0.0005		0.0031	0.135		-26.054		
6438601004035363584	3.2448		18.916		3.0208	     440.40	2.23E+33	0.003		0.1184	5.300		-26.054
6435402700808342528	12.5165 	13.1628 	2.4585	     384.66	1.94E+33	0.0005		0.0031	0.223		-26.054
6400072128030483200	3.0153		15.7305 	1.8846	     143.18	5.80E+32	0.0005		0.0052	0.083		-39.823
6400154934999897344	2.9859		14.2203 	1.3225	     144.81	2.37E+33	0.0004		0.0035	0.048		-39.823	
6400560066378703360	4.0601		16.9379 	2.6109	     242.38	1.00E+33	0.0009		0.0186	0.7631		-39.823
5481255306315173248	5.8574		15.4353 	2.406	     482.67	1.71E+33	0.0008		0.0054	0.2744		-30.262
5482101964628144896	7.6109		15.6982 	3.0017	     192.42	1.65E+32	0.0009		0.0087	0.206		-30.262
5482088598688453504	6.447		20.8685 	1.807	     1921.5	3.77E+33	0.0179		0.2044	20.130		-30.262	
4758254255601790592	2.827		17.1588 	2.5341	     664.45	1.62E+34	0.0014		0.0167	2.32		-30.262		
5482097188624710400	3.2603		13.7592 	1.1973	     146.64	1.20E+34	0.0004		0.0025	0.1686		-30.262	
4758720787833766400	2.337		18.3398 	2.3838	     237.88	4.94E+32	0.0021		0.0366	0.401		-30.262	
5482097115608455296	2.0659		16.8205 	2.2795	     145.82	6.12E+32	0.0012		0.0151	0.1413		-30.262
4758312594141537152	6.1647		18.4854 	3.3302	     1696.1	1.02E+34	0.0025		0.0677	16.2798		-30.262
4758284595250930560	16.5072 	16.7572 	3.5122	     183.69	1.76E+31	0.001		0.0218	0.4442		-30.262	
4758503569863047424	10.3484 	14.3897 	2.6575	     922.50	8.17E+33	0.0007		0.0039	0.961		-30.262
4758620770931164544	11.1588 	15.7795 	2.9014	     157.88	2.97E+31	0.0008		0.0137	0.104		-30.262
