Filename 			 mean mag    change_mag   flare_time	distance_pc 	Ergs/sec_source	  rel_flare_norm0    Flare_energy    Field   	     gaia_G_mag    GaiaBP_RP    Galatic Dec  Gmag_err   BPRP_error
DWF030050.360-545926.893_151221		18.39	0.65	144.41		58.257		3.82E+29	1.068	5.89E+31	3hr		17.1552		3.1291		-53.432		0.005		0.3103
DWF030050.360-545926.893_151222 	18.36	0.38	487.09		58.257		3.92E+29	1.345	2.57E+32	3hr		17.1552 	3.1291		-53.432 	0.005		0.3103
DWF030050.360-545926.893_151218 	18.38	0.25	144.22		58.257		3.85E+29	0.222	1.23E+31	3hr 		17.1552 	3.1291		-53.432 	0.005		0.005
DWF030050.360-545926.893_151218 	18.38	0.24	287.71		58.257		3.85E+29	0.53	5.87E+31	3hr 		17.1552 	3.1291		-53.432 	0.005		0.005
DWF030159.918-550657.955_151218 	17.69	0.25	143.49		113.05		2.74E+30	0.297	1.17E+32	3hr 		16.0887 	2.5129		-53.432 	0.001		0.001
DWF030218.284-550124.597_151222 	16.62	0.18	200		435.55		1.09E+32	0.209	4.55E+33	3hr		15.6712 	1.6522		-53.432 	0.0006		0.0033
DWF030225.574-545707.456_151218 	20.94	6.12	2115.3		97.354		1.02E+29	1105.	2.38E+35	3hr 		18.1495 	3.6926		-53.432 	0.0733		0.0018
DWF030449.587-545831.168_151219 	18.02	0.09	240.32		47.310		3.73E+29	0.150	1.35E+31	3hr 		15.8003 	3.3164		-53.432 	0.0013		0.0161
DWF040239.269-545106.763_151219 	18.61	0.51	336.53		108.14		1.07E+30	1.845	6.67E+32	4hr		17.2795 	3.5327		-44.756 	0.0011		0.0434
DWF040239.269-545106.763_150116 	19.66	0.89	383.17		108.14		4.08E+29	3.041	4.76E+32	4hr 		17.2795 	3.5327		-44.756 	0.0011		0.0434
DWF040541.498-553457.866_150114 	22.19	0.88	418.77		476.23		7.70E+29	2.783	8.98E+32	4hr 		19.7886 	2.6609		-44.756 	0.0058		0.1523
DWF040603.857-543844.732_150115 	18.62	0.1	237.82		384.70		1.35E+31	0.288	9.24E+32	4hr 		17.2635 	2.2142		-44.756 	0.001		0.0131
DWF041303.888-553752.299_150116 	20.57	0.75	541.34		233.38		8.23E+29	1.530	6.81E+32	4hr 		18.5674 	2.8648		-44.756 	0.0022		0.0656
DWF041033.616-541751.000_151221 	18.85	0.13	142.83		97.668		7.02E+29	0.205	2.06E+31	4hr 		16.8605 	3.0419		-44.756 	0.0011		0.0101
DWF040756.883-553552.094_151220 	19.93	0.97	143.69		38.548		2.74E+29	0.33	1.30E+31	4hr 		16.9957 	4.2034		-44.756 	0.0013		0.0549
DWF040756.883-553552.094_151220 	19.93	0.94	192.29		38.548		4.27E+28	2.011	1.65E+31	4hr 		16.9957 	4.2034		-44.756 	0.0013		0.0549
DWF040931.755-552051.683_150117 	16.84	0.33	786.71		38.510		6.95E+29	0.905	4.95E+32	4hr 		14.8736 	3.0457		-44.756 	0.0005		0.0045
DWF040931.755-552051.683_150114 	16.83	0.14	672.56		38.510		7.38E+29	0.331	1.64E+32	4hr 		14.8736 	3.0457		-44.756 	0.0005		0.0045
DWF080943.768-775051.105_180606 	15.71	0.49	2584.0		453.82		2.73E+32	13.27	9.37E+36	8hr		14.906		1.6666		-22.618 	0.0016		0.0058
DWF083636.466-784255.608_180606 	18.74	0.27	195.21		287.83		6.75E+30	0.343	4.52E+32	8hr		17.0897 	2.5448		-22.618 	0.001		0.0231
DWF080551.509-775706.190_180609 	17.53	0.23	195.16		101.59		2.56E+30	0.584	2.92E+32	8hr		15.7159 	2.8125		-22.618 	0.001		0.0093
DWF083714.737-783750.904_180609 	22.06	1.79	1075.8		328.14		4.12E+29	10.20	4.52E+33	8hr		18.9571 	3.0798		-22.618 	0.0029		0.0806
DWF083124.172-784841.820_180606 	19.59	1.82	3121.5		404.49		6.09E+30	51.91	9.87E+35	8hr 		319.5491	0		-22.618 	0.0061		5 
DWF102734.476-350052.988_170203 	19.30	0.12	485.75		81.131		3.37E+29	0.601	9.84E+31	Antlia		17.1487 	3.0901		19.172		0.001		0.0237
DWF102908.335-351214.115_170203 	19.14	0.22	537.92		263.78		3.92E+30	1.411	2.98E+33	Antlia		17.4231 	2.7957		19.172		0.0015		0.0422
DWF103429.713-352833.384_180608 	19.46	0.91	387.53		173.67		1.27E+30	1.890	9.28E+32	Antlia		17.3371 	3.1443		19.172		0.0015		0.0269
DWF103337.011-350837.054_170203 	17.21	0.04	146.32		423.10		5.97E+31	0.073	6.45E+32	Antlia		16.1162 	1.7866		19.172		0.0007		0.007
DWF102620.795-344510.531_170207 	18.87	0.43	978.75		323.55		7.57E+30	2.889	2.14E+34	Antlia  	17.2714 	2.4557		19.172		0.0011		0.0103
DWF103416.611-351226.139_170205 	20.13	0.58	194.92		232.57		1.22E+30	1.942	4.64E+32	Antlia  	18.7786 	2.6062		19.172		0.0048		0.0637
DWF102807.796-355414.891_170205 	17.23	0.25	245.18		201.15		1.32E+31	0.305	9.93E+32	Antlia  	15.5144 	2.6286		19.172		0.0007		0.0064
DWF103225.019-350531.048_170206 	19.12	0.10	147.61		98.855		5.60E+29	3.165	2.62E+32	Antlia  	16.8999 	3.3115		19.172		0.0017		0.0212
DWF100233.384-801349.399_180609 	19.12	1.21	682.82		122.25		8.58E+29	8.808	5.16E+33	Dusty10 	17.1877 	2.9718		-19.957 	0.0011		0.026
DWF100432.284-801436.833_180609 	18.57	0.41	294.79		94.215		8.97E+29	0.892	2.36E+32	Dusty10 	16.6146 	3.0035		-19.957 	0.001		0.0186
DWF094829.489-811319.609_180609 	20.66	1.56	146.53		111.87		1.74E+29	4.091	1.04E+32	Dusty10 	18.2981 	3.3883		-19.957 	0.0019		0.0852
DWF100030.600-802340.708_180607 	18.5	0.5	2051.8		286.96		8.37E+30	5.257	9.03E+34	Dusty10 	16.7488 	2.6975		-19.957 	0.0012		0.0154
DWF113432.382-855241.829_180607 	16.2	0.07	384.35		164.45		2.29E+31	0.162	1.43E+33	Dusty11 	14.6689 	2.3771		-22.814 	0.0007		0.0038
DWF110232.742-842929.208_160730 	17.41	0.07	144.28		69.571		1.42E+30	0.105	2.15E+31	dusty12 	15.2336 	3.255		-21.889 	0.0006		0.0069
DWF114038.535-851742.336_160730 	18.5	0.11	289.53		356.77		1.29E+31	0.385	1.44E+33	dusty12 	16.9932 	2.3182		-21.889 	0.0011		0.0332
DWF115148.988-840137.649_160730 	19.14	1.17	1161.2		159.25		1.43E+30	7.430	1.23E+34	dusty12 	17.149		3.014		-21.889 	0.0013		0.031
DWF011743.367-755815.694_151219 	16.47	0.32	476.49		50.751		1.70E+30	0.801	6.48E+32	FRB010724	14.334		3.328		-41.804 	0.0041		0.0079
DWF011743.367-755815.694_151220 	16.44	1.36	386.81		50.751		1.85E+30	4.047	2.89E+33	FRB010724	14.334		3.328		-41.804 	0.0041		0.0079
DWF011155.577-754206.269_151222 	17.25	0.38	336.35		39.897		5.39E+29	0.800	1.45E+32	FRB010724	15.1538 	3.2343		-41.804 	0.0006		0.0059
DWF011308.350-760811.576_151218 	17.60	0.16	1206.8		61.944		9.48E+29	1.408	1.61E+33	FRB010724	15.6665 	2.9405		-41.804 	0.0007		0.0109
DWF011120.701-752928.266_151218 	17.62	0.17	189.47		73.838		1.25E+30	0.318	7.51E+31	FRB0190724	15.844		2.953		-41.804 	0.0013		0.0204
DWF064516.922-515329.365_150114 	19.78	0.83	432.11		203.98		1.30E+30	3.340	1.88E+33	FRB131104	17.6583 	3.1734		-21.93		0.0021		0.0363
DWF064541.965-502442.019_150114 	19.04	0.24	580.08		185.39		2.12E+30	1.636	2.02E+33	FRB131104	17.1621 	2.9068		-21.93		0.0013		0.0359
DWF064649.171-505938.667_150114 	17.98	0.09	193.20		34.354		1.94E+29	0.190	7.11E+30	FRB131104	15.4736 	3.6436		-21.93		0.0007		0.0138
DWF064649.171-505938.667_150117 	17.98	0.35	184.04		34.354		1.94E+29	0.564	2.01E+31	FRB131104	15.4736 	3.6436		-21.93		0.0007		0.0138
DWF064651.198-504021.234_150114 	18.62	0.11	190.8		282.69		7.27E+30	0.277	3.85E+32	FRB131104	16.9163 	2.6699		-21.93		0.001		0.0241
DWF063833.896-511225.242_170205 	17.17	0.14	243.49		75.212		2.08E+30	0.308	1.56E+32	FRB131104	15.3426 	2.8217		-21.93		0.001		0.0103
DWF064611.659-513210.921_170205 	16.46	0.17	440.71		119.97		9.58E+30	0.320	1.35E+33	FRB131104	14.8046 	2.7065		-21.93		0.0009		0.005
DWF064723.540-513112.560_170206 	20.16	1.07	242.77		246.33		1.34E+30	3.769	1.22E+33	FRB131104	17.8888 	3.3854		-21.93		0.0019		0.0618
DWF063941.199-505811.694_170202 	17.1	0.63	926.91		119.44		5.26E+30	1.737	8.47E+33	FRB131104	15.2945 	2.8858		-21.93		0.0008		0.0084
DWF063750.392-511503.458_150115 	20.7	1.48	479.87		425.62		2.43E+30	13.81	1.61E+34	FRB131104 	18.8943 	3.0436		-21.93		0.0031		0.1254
DWF064857.708-510744.809_150117 	20.85	1.41	185.27		202.93		4.81E+29	3.981	3.55E+32	FRB131104 	18.666		2.9384		-21.93		0.0029		0.066
DWF190827.334-634539.802_160804 	18.91	0.21	144.22		85.742		5.43E+29	0.398	3.12E+31	ngc6744 	16.7175 	3.3327		-26.054 	0.0009		0.0156
DWF190827.334-634539.802_160803 	18.91	0.07	194.55		85.742		5.43E+29	0.202	2.14E+31	ngc6744 	16.7175 	3.3327		-26.054 	0.0009		0.0156
DWF190304.230-650400.343_160802 	19.78	0.91	482.12		97.221		2.89E+29	0.165	2.30E+31	ngc6744 	17.6089 	3.3007		-26.054 	0.0014		0.0351
DWF190304.230-650400.343_160803 	19.92	0.46	242.22		97.221		2.89E+29	1.012	7.08E+31	ngc6744 	17.6089 	3.3007		-26.054 	0.0014		0.0351
DWF191030.512-650752.781_160728 	20.00	0.22	143.77		80.418		1.72E+29	1.085	2.68E+31	ngc6744 	17.5188 	3.5878		-26.054 	0.001		0.0417
DWF191030.512-650752.781_160802 	20.04	0.36	192.16		80.418		1.72E+29	0.587	1.94E+31	ngc6744 	17.5188 	3.5878		-26.054 	0.001		0.0417
DWF191030.512-650752.781_160802 	20.04	0.22	144.37		80.418		1.72E+29	0.407	1.01E+31	ngc6744 	17.5188 	3.5878		-26.054 	0.001		0.0417
DWF191030.512-650752.781_160803 	20.02	0.30	144.63		80.418		1.95E+29	0.509	1.44E+31	ngc6744 	17.5188 	3.5878		-26.054 	0.001		0.0417
DWF191030.512-650752.781_160805 	20.02	0.27	144.08		80.418		1.72E+29	0.423	1.05E+31	ngc6744 	17.5188 	3.5878		-26.054 	0.001		0.0417
DWF191030.512-650752.781_160807 	20.03	0.81	442.08		80.418		1.72E+29	3.349	2.55E+32	ngc6744 	17.5188 	3.5878		-26.054 	0.001		0.0417
DWF191036.884-650618.030_160805 	18.94	0.41	144.12		94.092		6.37E+29	0.901	8.27E+31	ngc6744 	16.6613 	3.3783		-26.054 	0.0007		0.0153
DWF191036.884-650618.030_160805 	18.94	1.41	143.94		94.092		6.37E+29	3.590	3.29E+32	ngc6744 	16.6613 	3.3783		-26.054 	0.0007		0.0153
DWF191338.393-634805.481_160806 	16.74	0.05	629.72		94.796		4.90E+30	0.408	1.26E+33	ngc6744 	14.9242 	2.842		-26.054 	0.001		0.0057
DWF190307.977-642804.341_160726 	19.11	0.51	336.32		419.48		1.02E+31	2.198	7.54E+33	ngc6744 	17.3618 	2.6519		-26.054 	0.0011		0.0219
DWF191332.266-642337.321_160726 	18.98	0.33	1059.5		343.07		7.69E+30	3.244	2.64E+34	ngc6744 	17.275		2.5827		-26.054 	0.0013		0.0185
DWF191140.361-641840.321_160728 	20.68	0.31	191.96		249.14		8.47E+29	0.975	1.59E+32	ngc6744 	19.8389 	1.367		-26.054 	0.0013		0.0185
DWF191453.767-643722.364_160729 	19.08	0.26	145.20		241.58		3.48E+30	0.513	2.59E+32	ngc6744 	17.2235 	2.8191		-26.054 	0.0011		0.0169
DWF185931.059-644311.623_160729 	17.19	0.07	385.33		107.43		3.92E+30	0.261	3.94E+32	ngc6744 	15.4275 	2.744		-26.054 	0.0005		0.0048
DWF190542.043-652713.886_160802 	18.96	0.33	386.78		411.33		1.13E+31	1.008	4.39E+33	ngc6744 	18.0591 	2.0542		-26.054 	0.0016		0.0229
DWF190643.925-650512.859_160802 	20.14	1.73	288.99		277.83		1.73E+30	12.10	6.06E+33	ngc6744 	18.2017 	2.8917		-26.054 	0.0013		0.0367
DWF190835.613-642709.689_160802 	18	0.24	866.64		171.50		4.74E+30	1.26	5.17E+33	ngc6744 	16.2732 	2.7494		-26.054 	0.001		0.0087
DWF190640.084-642103.170_160802 	18.72	0.39	289.21		465.59		1.80E+31	0.749	3.90E+33	ngc6744 	17.3361 	2.2865		-26.054 	0.001		0.0137
DWF191105.224-643519.354_160804 	19.34	0.39	144.05		374.55		6.58E+30	0.594	5.64E+32	ngc6744 	17.4851 	2.8375		-26.054 	0.0014		0.014
DWF185856.507-642622.070_160806 	20.01	0.44	240.72		345.80		3.03E+30	1.526	1.11E+33	ngc6744 	18.3914 	2.4997		-26.054 	0.002		0.0504
DWF191229.943-643203.305_160806 	16.56	0.1	194.27		73.276		3.26E+30	0.135	8.54E+31	ngc6744 	14.9296 	2.5619		-26.054 	0.0005		0.0031
DWF191227.010-640552.031_160728 	21.01	1.02	440.40		308.18		9.56E+29	5.300	2.23E+33	ngc6744 	18.916		3.0208		-26.054 	0.003		0.1184
DWF191036.030-650826.122_160804 	14.71	0.04	384.66		79.894		2.26E+31	0.223	1.94E+33	ngc6744 	13.1628 	2.4585		-26.054 	0.0005		0.0031
DWF212321.831-671447.207_160726 	16.9	0.05	143.18		331.64		4.88E+31	0.083	5.80E+32	NSF2		15.7305 	1.8846		-39.823 	0.0005		0.0052
DWF212441.421-665137.677_160726 	14.81	0.05	144.81		334.90		3.41E+32	0.048	2.37E+33	NSF2		14.2203 	1.3225		-39.823 	0.0004		0.0035
DWF212528.542-661325.125_160726 	18.64	0.24	242.38		246.29		5.42E+30	0.763	1.00E+33	NSF2		16.9379 	2.6109		-39.823 	0.0009		0.0186
DWF060108.891-615641.171_150114 	16.9	0.05	482.67		170.72		1.29E+31	0.274	1.71E+33	Prime		15.4353 	2.406		-30.262 	0.0008		0.0054
DWF060201.422-610614.882_150114 	17.56	0.11	192.42		131.39		4.17E+30	0.206	1.65E+32	Prime		15.6982 	3.0017		-30.262 	0.0009		0.0087
DWF060414.193-611314.069_150116 	22	2.25	1921.5		155.11		9.73E+28	20.13	3.77E+33	Prime		20.8685 	1.807		-30.262 	0.0179		0.2044
DWF055547.658-615209.850_170202 	18.71	0.63	664.45		353.73		1.05E+31	2.32	1.62E+34	Prime		17.1588 	2.5341		-30.262 	0.0014		0.0167
DWF060119.327-611337.907_170207 	14.24	0.16	146.64		306.72		4.84E+32	0.168	1.20E+34	Prime		13.7592 	1.1973		-30.262 	0.0004		0.0025
DWF055051.851-605322.412_170202 	19.89	0.19	237.88		427.89		5.17E+30	0.401	4.94E+32	Prime		18.3398 	2.3838		-30.262 	0.0021		0.0366
DWF060122.943-611355.387_170205 	18.26	0.08	145.82		484.05		2.97E+31	0.141	6.12E+32	Prime		16.8205 	2.2795		-30.262 	0.0012		0.0151
DWF055355.747-613730.587_150116 	20.65	1.08	1696.1		162.21		3.69E+29	16.27	1.02E+34	Prime 		18.4854 	3.3302		-30.262 	0.0025		0.0677
DWF055248.483-615711.690_150117 	19.09	0.24	183.69		60.579		2.15E+29	0.444	1.76E+31	Prime 		16.7572 	3.5122		-30.262 	0.001		0.0218
DWF054728.175-612539.015_170202 	16.03	0.16	922.50		96.633		9.22E+30	0.961	8.17E+33	Prime 		14.3897 	2.6575		-30.262 	0.0007		0.0039
DWF055827.155-614719.726_170202 	17.63	0.06	157.88		89.615		1.81E+30	0.104	2.97E+31	Prime 		15.7795 	2.9014		-30.262 	0.0008		0.0137

